0 0.526852 0.677865 0.202778 0.158333
1 0.093519 0.607292 0.089352 0.048438
1 0.680556 0.561719 0.076389 0.045833
2 0.77037 0.604167 0.138889 0.049479
2 0.321759 0.469792 0.132407 0.057813
3 0.170833 0.474219 0.088426 0.034896
4 0.212037 0.556771 0.237037 0.106771
5 0.20463 0.56901 0.14213 0.052083
5 0.262963 0.541146 0.114815 0.068229
5 0.241204 0.504167 0.115741 0.052604
6 0.762037 0.545573 0.20463 0.097135
7 0.739815 0.503646 0.088889 0.051302
7 0.818056 0.514844 0.081019 0.052344
8 0.250463 0.367969 0.306481 0.127604
9 0.781019 0.396094 0.206019 0.098958
4 0.784259 0.527865 0.257407 0.113281