0 0.526852 0.678646 0.200463 0.160938
4 0.211574 0.557031 0.2375 0.105729
4 0.78287 0.528385 0.250926 0.1125
2 0.318519 0.472396 0.130093 0.058073
2 0.756019 0.604948 0.169907 0.048698
1 0.093519 0.608333 0.0875 0.047917
1 0.680093 0.56276 0.075926 0.045573
3 0.168056 0.476302 0.088426 0.034115
6 0.759259 0.546875 0.211111 0.095052
7 0.739815 0.503125 0.088426 0.048177
7 0.818981 0.513542 0.077778 0.054948
5 0.240741 0.503906 0.115741 0.051823
5 0.263426 0.541667 0.113889 0.065625
5 0.202778 0.570312 0.138426 0.050781
8 0.260648 0.352083 0.308333 0.129948
9 0.779167 0.396615 0.207407 0.099479
10 0.369444 0.261979 0.054167 0.040365
13 0.25787 0.231771 0.136574 0.07526
11 0.605556 0.271875 0.068981 0.03151
11 0.623611 0.2875 0.086574 0.0375
12 0.753704 0.266927 0.156481 0.081771