0 0.525463 0.677865 0.200926 0.160938
1 0.090741 0.609115 0.087037 0.046615
1 0.679167 0.563542 0.075926 0.044531
4 0.210648 0.557813 0.236574 0.10599
4 0.78287 0.528125 0.253704 0.111719
2 0.327778 0.471094 0.104167 0.057031
2 0.769907 0.604167 0.135648 0.049479
3 0.169907 0.476042 0.087963 0.033854
5 0.240278 0.50599 0.117593 0.051562
5 0.262037 0.542708 0.114815 0.067187
5 0.203241 0.570052 0.136111 0.05026
6 0.759259 0.546875 0.205556 0.090365
7 0.737963 0.505208 0.090741 0.050521
7 0.81713 0.514583 0.076852 0.052604
8 0.248611 0.369271 0.305556 0.127344
9 0.778704 0.396875 0.206019 0.098177
11 0.633333 0.273958 0.071296 0.031771
11 0.651389 0.289844 0.088426 0.03776
10 0.736574 0.230208 0.05 0.034375
12 0.784722 0.270313 0.163426 0.08151