0 0.526852 0.678646 0.201389 0.159635
2 0.768519 0.605208 0.138426 0.05
2 0.318519 0.471615 0.13287 0.058333
4 0.211574 0.55651 0.236111 0.105208
4 0.781481 0.527344 0.252315 0.110937
3 0.169907 0.476042 0.087963 0.032292
5 0.241667 0.504167 0.113426 0.051562
5 0.262037 0.542188 0.113889 0.066146
5 0.201389 0.569792 0.133333 0.050781
6 0.759722 0.54375 0.206481 0.08151
7 0.738426 0.504167 0.092593 0.05
7 0.81713 0.516667 0.079167 0.051302
1 0.092593 0.608594 0.089352 0.046094
1 0.678704 0.5625 0.077778 0.04349
8 0.249537 0.369792 0.308333 0.127604
9 0.778704 0.397135 0.206019 0.097396
11 0.63287 0.274219 0.070833 0.030729
11 0.649537 0.289844 0.088889 0.039062
10 0.737037 0.230469 0.051852 0.032813
12 0.785185 0.271875 0.163426 0.084635