0 0.526389 0.678125 0.198611 0.159375
4 0.2125 0.55651 0.233796 0.104167
4 0.781944 0.527083 0.247685 0.109115
1 0.093056 0.607292 0.0875 0.045573
1 0.680556 0.563542 0.078241 0.044531
2 0.321759 0.472135 0.13287 0.05625
2 0.751852 0.604948 0.168519 0.047396
6 0.755556 0.549219 0.218056 0.088281
7 0.733333 0.502344 0.091667 0.046875
7 0.818519 0.515104 0.076852 0.051042
3 0.17037 0.476042 0.086574 0.03099
5 0.196759 0.570312 0.12963 0.048698
5 0.2625 0.543229 0.110648 0.069271
5 0.241204 0.503385 0.108796 0.04974
8 0.326389 0.351042 0.302778 0.126302
9 0.777315 0.396615 0.205093 0.097656
13 0.22037 0.260417 0.144907 0.078906
12 0.755556 0.266406 0.160185 0.079948
11 0.603704 0.271094 0.072685 0.029687
11 0.623148 0.28776 0.084259 0.034375