0 0.525926 0.677865 0.199074 0.161198
1 0.093056 0.608594 0.086574 0.047135
1 0.679167 0.563021 0.077778 0.046094
2 0.316667 0.469271 0.129167 0.05651
2 0.769907 0.603646 0.137037 0.050781
3 0.169907 0.476042 0.087963 0.033073
5 0.241204 0.507552 0.114815 0.060677
5 0.263889 0.541146 0.111574 0.066667
5 0.202778 0.569271 0.134722 0.052865
4 0.211111 0.55599 0.2375 0.105469
6 0.762037 0.549219 0.203704 0.089844
7 0.7375 0.502865 0.086111 0.048958
7 0.817593 0.514844 0.076389 0.054688
4 0.78287 0.526563 0.249537 0.110156
8 0.326852 0.351562 0.300926 0.127083
9 0.781019 0.396615 0.205093 0.098958
10 0.369444 0.261719 0.051852 0.040365
11 0.605093 0.271875 0.071759 0.032031
11 0.623148 0.288021 0.086111 0.03724
13 0.22037 0.261719 0.140278 0.079427
12 0.756019 0.267188 0.161574 0.082031