0 0.526852 0.678646 0.201852 0.160938
4 0.211574 0.557292 0.235648 0.105729
4 0.781944 0.528125 0.253241 0.111979
6 0.761111 0.546615 0.209259 0.095573
7 0.738889 0.505469 0.091204 0.048698
7 0.816204 0.516146 0.077315 0.050781
2 0.769444 0.604167 0.138426 0.048958
2 0.31713 0.471875 0.129167 0.059375
3 0.168056 0.475521 0.0875 0.034115
1 0.092593 0.609115 0.088889 0.047396
1 0.680093 0.563021 0.077315 0.044531
5 0.203241 0.570312 0.134722 0.050781
5 0.2625 0.541927 0.114815 0.065365
5 0.239815 0.502865 0.115278 0.04974
13 0.206481 0.23125 0.147222 0.064583
12 0.754167 0.265885 0.1625 0.080729
11 0.604167 0.272135 0.072685 0.03125
11 0.623611 0.286979 0.087963 0.036458
8 0.325 0.352083 0.303241 0.126823
9 0.780556 0.397396 0.206019 0.09974