0 0.526852 0.678125 0.2 0.161198
1 0.093519 0.608594 0.0875 0.046615
1 0.680093 0.563021 0.077315 0.04349
4 0.211111 0.556771 0.238426 0.105469
4 0.78287 0.527083 0.250926 0.110937
2 0.318056 0.471615 0.129167 0.059635
2 0.768981 0.604948 0.135648 0.048698
3 0.168981 0.476042 0.0875 0.031771
5 0.238889 0.504687 0.117593 0.051562
5 0.204167 0.569792 0.134722 0.051042
5 0.262963 0.542188 0.1125 0.066146
6 0.760185 0.549219 0.208333 0.092188
7 0.738426 0.504167 0.091667 0.047656
7 0.817593 0.515365 0.078241 0.04974
8 0.248148 0.369792 0.308333 0.127604
9 0.780093 0.396615 0.206019 0.098958
11 0.632407 0.274219 0.073148 0.03151
11 0.652315 0.289844 0.0875 0.036458
10 0.737037 0.230208 0.051852 0.033854
12 0.785648 0.271094 0.161574 0.083073
13 0.244907 0.267969 0.143981 0.075521