0 0.525926 0.678385 0.199074 0.160417
4 0.211111 0.557031 0.236111 0.105208
4 0.782407 0.527865 0.251852 0.110156
1 0.092593 0.608854 0.087037 0.046354
1 0.67963 0.56276 0.075926 0.04375
2 0.318981 0.471354 0.131481 0.05625
2 0.771296 0.604167 0.135648 0.049219
6 0.760185 0.546354 0.207407 0.095573
7 0.737037 0.502604 0.086574 0.044792
7 0.817593 0.514583 0.075926 0.052604
3 0.168519 0.476042 0.085648 0.032813
5 0.203241 0.570052 0.133796 0.04974
5 0.261574 0.540625 0.114352 0.065104
5 0.239815 0.503125 0.117593 0.051302
8 0.326852 0.351562 0.301852 0.126302
9 0.77963 0.396615 0.203704 0.098177
13 0.212963 0.242708 0.141667 0.060677
12 0.749074 0.266927 0.151389 0.079948
11 0.60463 0.271615 0.071759 0.032813
11 0.625 0.288021 0.085648 0.0375