0 0.525 0.676823 0.200926 0.160156
4 0.211574 0.555729 0.238426 0.107031
4 0.781481 0.528646 0.252315 0.111979
1 0.093056 0.608594 0.086574 0.047396
1 0.680093 0.56276 0.076852 0.045052
2 0.316667 0.471875 0.130556 0.060417
2 0.753704 0.604948 0.162963 0.05026
6 0.756944 0.547135 0.213426 0.095573
7 0.739352 0.504427 0.091204 0.051042
7 0.818519 0.514323 0.075 0.049219
5 0.202315 0.570052 0.141667 0.049479
5 0.260648 0.541927 0.113889 0.067187
5 0.240741 0.502344 0.115278 0.050781
3 0.169444 0.476042 0.088889 0.034896
8 0.316204 0.351302 0.301852 0.127344
9 0.780093 0.396354 0.20463 0.097396
13 0.234259 0.241406 0.141667 0.076302
12 0.753704 0.267969 0.162963 0.08151
10 0.37037 0.26276 0.053241 0.040885
11 0.602315 0.271354 0.074074 0.03151
11 0.623611 0.288281 0.086574 0.036198