0 0.526852 0.678385 0.202315 0.161979
4 0.208333 0.557552 0.236111 0.10599
4 0.781481 0.527083 0.250926 0.111719
1 0.092593 0.608594 0.0875 0.048698
1 0.67963 0.56276 0.076852 0.04401
6 0.761111 0.548177 0.208333 0.092188
7 0.738426 0.502604 0.086574 0.050521
7 0.818056 0.514844 0.07963 0.052604
2 0.317593 0.471094 0.130556 0.057813
2 0.75463 0.605729 0.164815 0.048177
3 0.171296 0.476562 0.084722 0.034896
5 0.24213 0.504427 0.114352 0.050781
5 0.263426 0.541927 0.1125 0.066406
5 0.203704 0.570052 0.137037 0.051562
10 0.369444 0.261979 0.05 0.039583
11 0.60463 0.272656 0.075463 0.032552
11 0.624537 0.28724 0.084722 0.040625
8 0.318056 0.351823 0.3 0.129167
9 0.77963 0.397135 0.205093 0.098437
13 0.222222 0.251042 0.140741 0.074479
12 0.756019 0.266146 0.161574 0.082812