0 0.527315 0.678646 0.201389 0.160677
1 0.09213 0.608333 0.088889 0.047917
1 0.67963 0.563021 0.078241 0.045052
4 0.210648 0.557813 0.236574 0.104427
4 0.780093 0.527344 0.245833 0.11224
3 0.17037 0.476042 0.087037 0.034635
2 0.318519 0.470573 0.13287 0.059635
2 0.769444 0.604688 0.137963 0.049479
5 0.241204 0.509115 0.116204 0.060156
5 0.264352 0.541667 0.113889 0.065104
5 0.206019 0.570833 0.140278 0.051042
6 0.761111 0.547396 0.210185 0.094531
7 0.738426 0.504167 0.089352 0.048177
7 0.818981 0.514323 0.081019 0.053385
9 0.781481 0.395573 0.206944 0.09974
8 0.262037 0.34974 0.3 0.127083
10 0.369444 0.2625 0.048611 0.040885
11 0.605556 0.272396 0.069907 0.03151
11 0.622222 0.286719 0.086574 0.036719
12 0.755556 0.265885 0.165278 0.079167
13 0.255556 0.232292 0.133796 0.076042