0 0.524537 0.679427 0.196296 0.161198
4 0.210648 0.55651 0.238426 0.104688
4 0.782407 0.527865 0.250463 0.110937
1 0.093056 0.608073 0.086574 0.047135
1 0.680556 0.563281 0.077315 0.044531
6 0.759722 0.550521 0.209259 0.086979
7 0.739352 0.502083 0.089352 0.048958
7 0.818056 0.514583 0.075926 0.054948
5 0.203241 0.570573 0.1375 0.05026
5 0.262037 0.541667 0.111574 0.068229
5 0.240741 0.503385 0.116667 0.053125
2 0.31713 0.470573 0.127315 0.057031
2 0.754167 0.60599 0.163889 0.047396
3 0.168519 0.476302 0.088426 0.035937
8 0.31713 0.352083 0.301852 0.129688
9 0.778704 0.397135 0.207407 0.099479
13 0.259259 0.232292 0.139815 0.075521
12 0.755556 0.266667 0.162963 0.082031
11 0.605556 0.271094 0.07037 0.03099
11 0.624537 0.286979 0.084259 0.03776
10 0.369444 0.260417 0.053241 0.040104