0 0.526852 0.678385 0.202315 0.159375
4 0.2125 0.55599 0.236574 0.103906
4 0.782407 0.527604 0.249537 0.111979
1 0.090741 0.608073 0.084722 0.044531
1 0.680093 0.563021 0.075926 0.04401
2 0.31713 0.471094 0.127315 0.057031
2 0.754167 0.603906 0.162963 0.050521
6 0.757407 0.546354 0.209722 0.095573
7 0.740278 0.503385 0.083333 0.044271
7 0.817593 0.515104 0.07963 0.050521
3 0.168519 0.477344 0.0875 0.032292
13 0.212963 0.244792 0.143981 0.066667
12 0.754167 0.267188 0.162963 0.082812
8 0.327778 0.351042 0.297222 0.128125
9 0.77963 0.396094 0.206019 0.098958
11 0.605093 0.271875 0.073611 0.029687
11 0.623148 0.2875 0.083333 0.036198
5 0.240741 0.503125 0.116667 0.052344
5 0.2625 0.541927 0.112963 0.068229
5 0.203241 0.569531 0.138889 0.050521