0 0.526852 0.678125 0.202315 0.161719
1 0.091667 0.608594 0.090278 0.046875
1 0.677778 0.563021 0.078704 0.044531
2 0.317593 0.470313 0.128241 0.057813
2 0.768519 0.604167 0.139352 0.051562
4 0.212037 0.556771 0.239815 0.107031
4 0.783333 0.527865 0.251389 0.110677
3 0.168519 0.476042 0.084722 0.033333
6 0.760185 0.547396 0.206481 0.09401
5 0.201852 0.570312 0.137037 0.051562
5 0.263426 0.541667 0.111111 0.066667
5 0.239815 0.504167 0.118519 0.051302
7 0.737963 0.505469 0.0875 0.051302
7 0.816667 0.514583 0.081019 0.052604
8 0.249074 0.369271 0.306481 0.128906
9 0.779167 0.397396 0.208796 0.099219