0 0.526389 0.677083 0.2 0.159375
4 0.211574 0.55625 0.235648 0.105469
4 0.780556 0.527083 0.245833 0.111458
2 0.318519 0.470052 0.123611 0.058333
2 0.754167 0.602865 0.166204 0.052344
6 0.761574 0.547656 0.205556 0.092969
7 0.737963 0.504167 0.087963 0.04375
7 0.819907 0.51276 0.072685 0.050781
5 0.241204 0.504167 0.113426 0.05
5 0.262963 0.540885 0.108796 0.064583
5 0.2 0.570312 0.128704 0.049479
3 0.168519 0.476042 0.087037 0.03151
1 0.093981 0.608333 0.086574 0.046354
1 0.678241 0.563542 0.077778 0.045052
8 0.249074 0.369792 0.306481 0.126562
9 0.779167 0.396875 0.206019 0.098698
10 0.7375 0.229167 0.050926 0.032031
11 0.631944 0.273958 0.075463 0.029427
11 0.651852 0.289844 0.0875 0.035417
12 0.783796 0.270052 0.162037 0.082031