0 0.525926 0.678385 0.198148 0.160938
4 0.211111 0.55625 0.234259 0.104688
4 0.781944 0.527604 0.251852 0.110937
1 0.092593 0.608073 0.087037 0.046875
1 0.680556 0.5625 0.078241 0.044271
2 0.318981 0.471354 0.136111 0.058594
2 0.753241 0.605729 0.166667 0.05026
6 0.761574 0.545573 0.20787 0.093229
7 0.738889 0.502083 0.0875 0.048177
7 0.816204 0.514583 0.07963 0.053906
3 0.169907 0.476302 0.088426 0.035156
13 0.224537 0.250521 0.143981 0.077604
12 0.755556 0.266406 0.162963 0.082812
8 0.316204 0.351562 0.305093 0.128125
9 0.778704 0.397135 0.209259 0.099219
11 0.60463 0.272656 0.071296 0.033333
11 0.623611 0.286719 0.086574 0.039062
10 0.369907 0.261979 0.051852 0.039844
5 0.240278 0.502865 0.114815 0.052604
5 0.263889 0.542448 0.1125 0.067969
5 0.203704 0.570312 0.138889 0.050781