0 0.525 0.678646 0.199537 0.160156
4 0.2125 0.556771 0.236574 0.105208
4 0.781481 0.527344 0.247222 0.11224
1 0.093056 0.608854 0.0875 0.045573
1 0.680093 0.563281 0.075 0.044271
6 0.758796 0.547917 0.203241 0.09349
7 0.736574 0.502865 0.09213 0.046354
7 0.818981 0.514583 0.073148 0.049479
2 0.769907 0.604427 0.133796 0.047396
2 0.31713 0.470313 0.130093 0.054948
5 0.240278 0.505729 0.113889 0.052865
5 0.261111 0.541146 0.112037 0.065104
5 0.199074 0.569792 0.130093 0.050781
3 0.169907 0.475781 0.091204 0.034635
13 0.300463 0.20599 0.129167 0.074219
12 0.756481 0.265885 0.158796 0.081771
11 0.602315 0.272656 0.073148 0.032031
11 0.622685 0.28776 0.087037 0.035937
9 0.780093 0.396354 0.206481 0.1
8 0.325926 0.351823 0.30463 0.127344